Date,Type,Description,Value,Balance,Account Name,Account Number,Category
06 May 2021,POS,"2288 05MAY21 CD , SAINSBURYS S/MKTS , WITNEY GB",-0.6,0.81,WARD JJ,602460-16554396,Groceries
05 May 2021,POS,"2288 04MAY21 CD , SAINSBURYS S/MKTS , WITNEY GB",-0.75,1.41,WARD JJ,602460-16554396,Groceries
04 May 2021,POS,"2288 02MAY21 CD , SAINSBURYS S/MKTS , WITNEY GB",-0.75,2.16,WARD JJ,602460-16554396,Groceries
04 May 2021,POS,"2288 01MAY21 CD , SAINSBURYS S/MKTS , WITNEY GB",-2.25,2.91,WARD JJ,602460-16554396,Groceries
04 May 2021,POS,"2288 02MAY21 CD , STGCOACH/CTYLINK , BUS TICKET GB",-5.1,5.16,WARD JJ,602460-16554396,Uncategorised
04 May 2021,POS,"4071 01MAY21 , NETFLIX.COM , 18665797172 GB",-9.99,10.26,WARD JJ,602460-16554396,Subscriptions
30 Apr 2021,POS,"2288 28APR21 CD , SAINSBURYS S/MKTS , WITNEY GB",-3.9,20.25,WARD JJ,602460-16554396,Groceries
30 Apr 2021,INT,28APR GRS 16554396,0.05,24.15,WARD JJ,602460-16554396,Uncategorised
28 Apr 2021,POS,"2288 27APR21 CD , SAINSBURYS S/MKTS , WITNEY GB",-2.5,24.1,WARD JJ,602460-16554396,Groceries
26 Apr 2021,POS,"2288 25APR21 CD , SAINSBURYS S/MKTS , WITNEY GB",-2.5,26.6,WARD JJ,602460-16554396,Groceries
26 Apr 2021,POS,"2288 24APR21 CD , SAINSBURYS S/MKTS , WITNEY GB",-2.6,29.1,WARD JJ,602460-16554396,Groceries
26 Apr 2021,POS,"4071 22APR21 , PAYPAL *WMMART COM, 4029357733 HK",-18.74,31.7,WARD JJ,602460-16554396,Uncategorised
23 Apr 2021,BAC,"NAUGHTEN FREDERICK, 4751420637078109 , FP 22/04/21 2008 , FP21112O05985641",12.5,50.44,WARD JJ,602460-16554396,Uncategorised
22 Apr 2021,POS,"2288 21APR21 CD , SAINSBURYS S/MKTS , WITNEY GB",-2.35,37.94,WARD JJ,602460-16554396,Groceries
21 Apr 2021,POS,"2288 20APR21 CD , NEWZLINK LTD , 31118264 , HIGH WYCOMBE GB",-25.67,40.29,WARD JJ,602460-16554396,Uncategorised
21 Apr 2021,POS,"2288 20APR21 CD , SAINSBURYS S/MKTS , WITNEY GB",-2.35,65.96,WARD JJ,602460-16554396,Groceries
21 Apr 2021,POS,"2288 20APR21 CD , STGCOACH/CTYLINK , BUS TICKET GB",-5.1,68.31,WARD JJ,602460-16554396,Uncategorised
21 Apr 2021,DPC,"GREG , MACCIES , VIA MOBILE - LVP",-5.0,73.41,WARD JJ,602460-16554396,Uncategorised
19 Apr 2021,POS,"2288 18APR21 CD , SAINSBURYS S/MKTS , WITNEY GB",-2.35,78.41,WARD JJ,602460-16554396,Groceries
19 Apr 2021,POS,"2288 17APR21 CD , SAINSBURYS S/MKTS , WITNEY GB",-2.35,80.76,WARD JJ,602460-16554396,Groceries
15 Apr 2021,POS,"2288 14APR21 CD , CO-OPERATIVE FOOD , WITNEY GB",-5.15,83.11,WARD JJ,602460-16554396,Uncategorised
15 Apr 2021,POS,"2288 14APR21 CD , CO-OP GROUP 070582, WITNEY (SF) GB",-9.7,88.26,WARD JJ,602460-16554396,Uncategorised
15 Apr 2021,POS,"2288 14APR21 CD , STGCOACH/CTYLINK , BUS TICKET GB",-5.1,97.96,WARD JJ,602460-16554396,Uncategorised
15 Apr 2021,POS,"2288 14APR21 CD , SAINSBURYS S/MKTS , WITNEY GB",-1.25,103.06,WARD JJ,602460-16554396,Groceries
12 Apr 2021,POS,"4071 11APR21 , TESCO PFS 3418 , WITNEY GB",-12.62,104.31,WARD JJ,602460-16554396,Uncategorised
06 Apr 2021,POS,"4071 02APR21 , MICROSOFT*XBOX , READING GB",-24.74,116.93,WARD JJ,602460-16554396,Uncategorised
06 Apr 2021,POS,"4071 01APR21 , NETFLIX.COM , 18665797172 GB",-9.99,141.67,WARD JJ,602460-16554396,Subscriptions
06 Apr 2021,POS,"4071 03APR21 , CO-OP GROUP 070582, WITNEY (SF) GB",-10.25,151.66,WARD JJ,602460-16554396,Uncategorised
06 Apr 2021,BAC,"RILEY GARRATT , FP 04/04/21 1615 , 210404161514794786",3.5,161.91,WARD JJ,602460-16554396,Uncategorised
06 Apr 2021,INT,5APR GRS 16554396,0.11,158.41,WARD JJ,602460-16554396,Uncategorised
29 Mar 2021,POS,"2288 28MAR21 D , WWW.ASOS.COM , 02077561000 GB",-35.0,158.3,WARD JJ,602460-16554396,Uncategorised
29 Mar 2021,DPC,"WARD E , ELAINE WARD , VIA MOBILE - PYMT",100.0,193.3,WARD JJ,602460-16554396,Uncategorised
24 Mar 2021,POS,"2288 23MAR21 CD , NEWZLINK LTD , 31118264 , HIGH WYCOMBE GB",-19.2,93.3,WARD JJ,602460-16554396,Uncategorised
23 Mar 2021,BAC,"RILEY GARRATT , FP 23/03/21 1602 , 210323160229763116",18.7,112.5,WARD JJ,602460-16554396,Uncategorised
22 Mar 2021,POS,"4071 20MAR21 , MICROSOFT*XBOX , READING GB",-4.99,93.8,WARD JJ,602460-16554396,Uncategorised
18 Mar 2021,POS,"4071 17MAR21 , MICROSOFT*XBOX , READING GB",-2.36,98.79,WARD JJ,602460-16554396,Uncategorised
16 Mar 2021,POS,"2288 15MAR21 CD , SUBWAY , WITNEY GB",-4.99,101.15,WARD JJ,602460-16554396,Uncategorised
16 Mar 2021,POS,"2288 15MAR21 CD , GREGGS PLC , WITNEY GB",-1.1,106.14,WARD JJ,602460-16554396,Uncategorised
16 Mar 2021,POS,"2288 15MAR21 CD , CO-OP GROUP 070582, WITNEY (SF) GB",-1.0,107.24,WARD JJ,602460-16554396,Uncategorised
15 Mar 2021,DPC,"MR AND MRS SJ WARD, MONEY , VIA MOBILE - LVP",-15.0,108.24,WARD JJ,602460-16554396,Rent
04 Mar 2021,INT,3MAR GRS 16554396,0.1,123.24,WARD JJ,602460-16554396,Uncategorised
03 Mar 2021,POS,"2288 01MAR21 CD , TESCO PFS 3418 , WITNEY GB",-0.55,123.14,WARD JJ,602460-16554396,Uncategorised
02 Mar 2021,POS,"4071 01MAR21 , NETFLIX.COM , 18665797172 GB",-9.99,123.69,WARD JJ,602460-16554396,Subscriptions
11 Feb 2021,POS,"4071 10FEB21 , MICROSOFT*XBOX , READING GB",-2.99,133.68,WARD JJ,602460-16554396,Uncategorised
04 Feb 2021,INT,3FEB GRS 16554396,0.13,136.67,WARD JJ,602460-16554396,Uncategorised
02 Feb 2021,POS,"4071 01FEB21 , NETFLIX.COM , 18665797172 GB",-8.99,136.54,WARD JJ,602460-16554396,Subscriptions
20 Jan 2021,POS,"4071 19JAN21 , MOJANG , STOCKHOLM SE",-17.95,145.53,WARD JJ,602460-16554396,Uncategorised
07 Jan 2021,POS,"4071 06JAN21 , MICROSOFT*XBOX , READING GB",-3.59,163.48,WARD JJ,602460-16554396,Uncategorised
04 Jan 2021,POS,"4071 01JAN21 , NETFLIX.COM , 18665797172 GB",-8.99,167.07,WARD JJ,602460-16554396,Subscriptions
04 Jan 2021,POS,"2288 31DEC20 CD , CO-OP GROUP 070582, WITNEY (SF) GB",-3.05,176.06,WARD JJ,602460-16554396,Uncategorised
04 Jan 2021,POS,"2288 31DEC20 CD , STGCOACH/CTYLINK , BUS TICKET GB",-4.3,179.11,WARD JJ,602460-16554396,Uncategorised
04 Jan 2021,POS,"2288 31DEC20 CD , CO-OP GROUP 070582, WITNEY (SF) GB",-0.75,183.41,WARD JJ,602460-16554396,Uncategorised
04 Jan 2021,DPC,"FRED , DOMINOES , VIA MOBILE - LVP , FP 01/01/21 10 , 17182908538707000N",-14.5,184.16,WARD JJ,602460-16554396,Uncategorised
04 Jan 2021,INT,3JAN GRS 16554396,0.21,198.66,WARD JJ,602460-16554396,Uncategorised
29 Dec 2020,DPC,"GREG , MACCIES , VIA MOBILE - LVP",-20.0,198.45,WARD JJ,602460-16554396,Uncategorised
22 Dec 2020,POS,"2288 21DEC20 CD , SUBWAY , WITNEY GB",-8.98,218.45,WARD JJ,602460-16554396,Uncategorised
21 Dec 2020,DPC,"GREG , MACCIES , VIA MOBILE - LVP",-5.0,227.43,WARD JJ,602460-16554396,Uncategorised
14 Dec 2020,POS,"4071 10DEC20 , MICROSOFT*XBOX , READING GB",-49.99,232.43,WARD JJ,602460-16554396,Uncategorised
14 Dec 2020,POS,"4071 11DEC20 , AMZNMKTPLACE , AMAZON.CO , AMAZON.CO.UK GB",-21.44,282.42,WARD JJ,602460-16554396,Uncategorised
09 Dec 2020,POS,"2288 08DEC20 CD , CO-OP GROUP 070582, WITNEY (SF) GB",-4.5,303.86,WARD JJ,602460-16554396,Uncategorised
08 Dec 2020,POS,"2288 07DEC20 CD , GREGGS PLC , WITNEY GB",-1.85,308.36,WARD JJ,602460-16554396,Uncategorised
08 Dec 2020,POS,"2288 07DEC20 CD , CO-OP GROUP 070582, WITNEY (SF) GB",-2.15,310.21,WARD JJ,602460-16554396,Uncategorised
07 Dec 2020,POS,"4071 06DEC20 , AMZNMKTPLACE , AMAZON.CO.UK GB",-16.99,312.36,WARD JJ,602460-16554396,Uncategorised
04 Dec 2020,INT,3DEC GRS 16554396,0.3,329.35,WARD JJ,602460-16554396,Uncategorised
02 Dec 2020,POS,"2288 01DEC20 CD , CO-OP GROUP 070582, WITNEY (SF) GB",-1.5,329.05,WARD JJ,602460-16554396,Uncategorised
02 Dec 2020,POS,"2288 01DEC20 CD , CO-OP GROUP 070582, WITNEY (SF) GB",-0.95,330.55,WARD JJ,602460-16554396,Uncategorised
02 Dec 2020,POS,"4071 01DEC20 , NETFLIX.COM , 866-716-0414 NL",-8.99,331.5,WARD JJ,602460-16554396,Subscriptions
01 Dec 2020,POS,"2288 30NOV20 CD , CO-OP GROUP 070582, WITNEY (SF) GB",-0.95,340.49,WARD JJ,602460-16554396,Uncategorised
01 Dec 2020,POS,"2288 30NOV20 CD , CO-OP GROUP 070582, WITNEY (SF) GB",-1.25,341.44,WARD JJ,602460-16554396,Uncategorised
01 Dec 2020,POS,"2288 30NOV20 CD , SUBWAY , WITNEY GB",-4.99,342.69,WARD JJ,602460-16554396,Uncategorised
01 Dec 2020,POS,"2288 30NOV20 CD , GREGGS PLC , WITNEY GB",-2.45,347.68,WARD JJ,602460-16554396,Uncategorised
25 Nov 2020,POS,"2288 24NOV20 CD , CO-OP GROUP 070582, WITNEY (SF) GB",-3.95,350.13,WARD JJ,602460-16554396,Uncategorised
24 Nov 2020,POS,"2288 23NOV20 CD , SUBWAY , WITNEY GB",-6.99,354.08,WARD JJ,602460-16554396,Uncategorised
24 Nov 2020,POS,"2288 23NOV20 CD , GREGGS PLC , WITNEY GB",-2.45,361.07,WARD JJ,602460-16554396,Uncategorised
18 Nov 2020,POS,"2288 17NOV20 CD , GREGGS PLC , WITNEY GB",-2.45,363.52,WARD JJ,602460-16554396,Uncategorised
18 Nov 2020,POS,"2288 17NOV20 CD , GREGGS PLC , WITNEY GB",-1.85,365.97,WARD JJ,602460-16554396,Uncategorised
18 Nov 2020,POS,"2288 17NOV20 CD , CO-OP GROUP 070582, WITNEY (SF) GB",-2.4,367.82,WARD JJ,602460-16554396,Uncategorised
17 Nov 2020,POS,"2288 16NOV20 CD , GREGGS PLC , WITNEY GB",-1.85,370.22,WARD JJ,602460-16554396,Uncategorised
17 Nov 2020,POS,"2288 16NOV20 CD , NEWZLINK LTD , 31118264 , HIGH WYCOMBE GB",-0.99,372.07,WARD JJ,602460-16554396,Uncategorised
17 Nov 2020,POS,"2288 16NOV20 CD , SUBWAY , WITNEY GB",-6.99,373.06,WARD JJ,602460-16554396,Uncategorised
12 Nov 2020,POS,"4071 11NOV20 , MICROSOFT*XBOX , READING GB",-3.99,380.05,WARD JJ,602460-16554396,Uncategorised
11 Nov 2020,POS,"2288 10NOV20 CD , GREGGS PLC , WITNEY GB",-2.25,384.04,WARD JJ,602460-16554396,Uncategorised
10 Nov 2020,POS,"2288 09NOV20 CD , SUBWAY , WITNEY GB",-6.99,386.29,WARD JJ,602460-16554396,Uncategorised
04 Nov 2020,POS,"2288 03NOV20 CD , GREGGS PLC , WITNEY GB",-2.25,393.28,WARD JJ,602460-16554396,Uncategorised
04 Nov 2020,INT,3NOV GRS 16554396,0.4,395.53,WARD JJ,602460-16554396,Uncategorised
03 Nov 2020,POS,"2288 02NOV20 CD , GREGGS PLC , WITNEY GB",-2.8,395.13,WARD JJ,602460-16554396,Uncategorised
03 Nov 2020,POS,"2288 02NOV20 CD , GREGGS PLC , WITNEY GB",-2.1,397.93,WARD JJ,602460-16554396,Uncategorised
02 Nov 2020,POS,"4071 01NOV20 , NETFLIX.COM , 866-716-0414 NL",-8.99,400.03,WARD JJ,602460-16554396,Subscriptions
29 Oct 2020,POS,"2288 28OCT20 D , WWW.ASOS.COM , 02077561000 GB",-23.95,409.02,WARD JJ,602460-16554396,Uncategorised
26 Oct 2020,POS,"4071 24OCT20 , MICROSOFT*S , UBSCRIPTION , READING GB",-10.99,432.97,WARD JJ,602460-16554396,Uncategorised
20 Oct 2020,POS,"2288 19OCT20 CD , POUNDLAND LTD , WILLENHALL GB",-1.0,443.96,WARD JJ,602460-16554396,Uncategorised
20 Oct 2020,POS,"2288 19OCT20 CD , SUBWAY , WITNEY GB",-6.79,444.96,WARD JJ,602460-16554396,Uncategorised
20 Oct 2020,DPC,"RILEY , FOOD , VIA MOBILE - LVP , FP 20/10/20 10 , 55124920392421000N",-18.0,451.75,WARD JJ,602460-16554396,Uncategorised
19 Oct 2020,C/L,"BMACH 18OCT, CHARGE 0.99",-70.99,469.75,WARD JJ,602460-16554396,Uncategorised
13 Oct 2020,POS,"2288 12OCT20 CD , GREGGS PLC , WITNEY GB",-2.8,540.74,WARD JJ,602460-16554396,Uncategorised
12 Oct 2020,POS,"4071 11OCT20 , WWW.GAME.CO.UK , 02088 270099 GB",-34.98,543.54,WARD JJ,602460-16554396,Uncategorised
07 Oct 2020,POS,"2288 06OCT20 CD , GREGGS PLC , WITNEY GB",-0.85,578.52,WARD JJ,602460-16554396,Uncategorised
06 Oct 2020,POS,"2288 05OCT20 CD , SUBWAY , WITNEY GB",-6.79,579.37,WARD JJ,602460-16554396,Uncategorised
06 Oct 2020,POS,"2288 05OCT20 CD , CO-OP GROUP 070582, WITNEY (SF) GB",-1.0,586.16,WARD JJ,602460-16554396,Uncategorised
05 Oct 2020,INT,4OCT GRS 16554396,0.44,587.16,WARD JJ,602460-16554396,Uncategorised
02 Oct 2020,POS,"4071 01OCT20 , NETFLIX.COM , 866-716-0414 NL",-8.99,586.72,WARD JJ,602460-16554396,Subscriptions
30 Sep 2020,POS,"2288 29SEP20 CD , GREGGS PLC , WITNEY GB",-1.1,595.71,WARD JJ,602460-16554396,Uncategorised
30 Sep 2020,BAC,OXFORD WITNEY,123.88,596.81,WARD JJ,602460-16554396,Uncategorised
29 Sep 2020,POS,"2288 28SEP20 CD , SUBWAY , WITNEY GB",-6.79,472.93,WARD JJ,602460-16554396,Uncategorised
29 Sep 2020,POS,"2288 28SEP20 CD , GREGGS PLC , WITNEY GB",-1.1,479.72,WARD JJ,602460-16554396,Uncategorised
24 Sep 2020,POS,"4071 24SEP20 , MICROSOFT*S , UBSCRIPTION , READING GB",-10.99,480.82,WARD JJ,602460-16554396,Uncategorised
23 Sep 2020,POS,"2288 22SEP20 CD , GREGGS PLC , WITNEY GB",-1.25,491.81,WARD JJ,602460-16554396,Uncategorised
22 Sep 2020,POS,"2288 21SEP20 CD , SUBWAY , WITNEY GB",-6.79,493.06,WARD JJ,602460-16554396,Uncategorised
22 Sep 2020,POS,"2288 21SEP20 CD , GREGGS PLC , WITNEY GB",-1.5,499.85,WARD JJ,602460-16554396,Uncategorised
16 Sep 2020,POS,"2288 15SEP20 CD , GREGGS PLC , WITNEY GB",-2.85,501.35,WARD JJ,602460-16554396,Uncategorised
16 Sep 2020,POS,"2288 15SEP20 CD , GREGGS PLC , WITNEY GB",-1.4,504.2,WARD JJ,602460-16554396,Uncategorised
15 Sep 2020,POS,"2288 14SEP20 CD , GREGGS PLC , WITNEY GB",-1.4,505.6,WARD JJ,602460-16554396,Uncategorised
15 Sep 2020,POS,"2288 14SEP20 CD , GREGGS PLC , WITNEY GB",-2.85,507.0,WARD JJ,602460-16554396,Uncategorised
11 Sep 2020,POS,"4071 10SEP20 , MCDONALDS , WITNEY GB",-3.77,509.85,WARD JJ,602460-16554396,Uncategorised
09 Sep 2020,POS,"2288 08SEP20 CD , GREGGS PLC , WITNEY GB",-1.1,513.62,WARD JJ,602460-16554396,Uncategorised
09 Sep 2020,POS,"2288 08SEP20 CD , GREGGS PLC , WITNEY GB",-2.25,514.72,WARD JJ,602460-16554396,Uncategorised
08 Sep 2020,POS,"2288 07SEP20 CD , GREGGS PLC , WITNEY GB",-3.25,516.97,WARD JJ,602460-16554396,Uncategorised
08 Sep 2020,POS,"2288 07SEP20 CD , GREGGS PLC , WITNEY GB",-3.05,520.22,WARD JJ,602460-16554396,Uncategorised
04 Sep 2020,INT,3SEP GRS 16554396,0.46,523.27,WARD JJ,602460-16554396,Uncategorised
02 Sep 2020,POS,"4071 01SEP20 , NETFLIX.COM , 866-716-0414 NL",-8.99,522.81,WARD JJ,602460-16554396,Subscriptions
01 Sep 2020,DPC,"RILEY , FOOD , VIA MOBILE - LVP , FP 31/08/20 10 , 17183717592469000N",-15.0,531.8,WARD JJ,602460-16554396,Uncategorised
01 Sep 2020,DPC,"GREG , MACCIES , VIA MOBILE - LVP",-63.0,546.8,WARD JJ,602460-16554396,Uncategorised
28 Aug 2020,BAC,OXFORD WITNEY,99.1,609.8,WARD JJ,602460-16554396,Uncategorised
25 Aug 2020,POS,"4071 24AUG20 , MICROSOFT*S , UBSCRIPTION , READING GB",-10.99,510.7,WARD JJ,602460-16554396,Uncategorised
10 Aug 2020,POS,"2288 07AUG20 D , JD SPORTS FASHION , PLC , BURY GB",-43.99,521.69,WARD JJ,602460-16554396,Uncategorised
05 Aug 2020,POS,"4071 04AUG20 , MICROSOFT*XBOX , READING GB",-3.99,565.68,WARD JJ,602460-16554396,Uncategorised
04 Aug 2020,POS,"4071 03AUG20 , MICROSOFT*XBOX , READING GB",-14.99,569.67,WARD JJ,602460-16554396,Uncategorised
04 Aug 2020,INT,3AUG GRS 16554396,0.36,584.66,WARD JJ,602460-16554396,Uncategorised
03 Aug 2020,POS,"4071 01AUG20 , NETFLIX.COM , 866-716-0414 NL",-8.99,584.3,WARD JJ,602460-16554396,Subscriptions
31 Jul 2020,BAC,OXFORD WITNEY,198.21,593.29,WARD JJ,602460-16554396,Uncategorised
30 Jul 2020,DPC,"RILEY , FOOD , VIA MOBILE - LVP , FP 30/07/20 10 , 10182955272731000N",-5.0,395.08,WARD JJ,602460-16554396,Uncategorised
27 Jul 2020,POS,"4071 23JUL20 , MICROSOFT*S , UBSCRIPTION , MSBILL.INFO GB",-10.99,400.08,WARD JJ,602460-16554396,Uncategorised
24 Jul 2020,POS,"4071 23JUL20 , AMZNMKTPLACE , AMAZON.CO.UK GB",-17.98,411.07,WARD JJ,602460-16554396,Uncategorised
15 Jul 2020,POS,"4071 14JUL20 , MICROSOFT*XBOX , READING GB",-7.99,429.05,WARD JJ,602460-16554396,Uncategorised
15 Jul 2020,POS,"4071 14JUL20 , MICROSOFT*XBOX , READING GB",-7.99,437.04,WARD JJ,602460-16554396,Uncategorised
13 Jul 2020,DPC,"WARD E , ELAINE WARD , VIA MOBILE - PYMT",10.0,445.03,WARD JJ,602460-16554396,Uncategorised
06 Jul 2020,INT,5JUL GRS 16554396,0.29,435.03,WARD JJ,602460-16554396,Uncategorised
01 Jul 2020,POS,"4071 30JUN20 , NETFLIX.COM , 866-716-0414 NL",-8.99,434.74,WARD JJ,602460-16554396,Subscriptions
30 Jun 2020,BAC,OXFORD WITNEY,158.57,443.73,WARD JJ,602460-16554396,Uncategorised
25 Jun 2020,POS,"4071 24JUN20 , MICROSOFT*S , UBSCRIPTION , READING GB",-10.99,285.16,WARD JJ,602460-16554396,Uncategorised
17 Jun 2020,POS,"4071 16JUN20 , MICROSOFT*XBOX , READING GB",-19.99,296.15,WARD JJ,602460-16554396,Uncategorised
15 Jun 2020,POS,"4071 12JUN20 , MICROSOFT*XBOX , READING GB",-1.99,316.14,WARD JJ,602460-16554396,Uncategorised
04 Jun 2020,INT,3JUN GRS 16554396,0.25,318.13,WARD JJ,602460-16554396,Uncategorised
03 Jun 2020,POS,"4071 02JUN20 , AMZNMKTPLACE , AMAZON.CO.UK GB",-39.48,317.88,WARD JJ,602460-16554396,Uncategorised
02 Jun 2020,POS,"4071 01JUN20 , WWW.GAME.CO.UK , 02088 270099 GB",-34.98,357.36,WARD JJ,602460-16554396,Uncategorised
01 Jun 2020,POS,"4071 31MAY20 , NETFLIX.COM , 866-716-0414 NL",-8.99,392.34,WARD JJ,602460-16554396,Subscriptions
29 May 2020,BAC,OXFORD WITNEY,158.57,401.33,WARD JJ,602460-16554396,Uncategorised
28 May 2020,DPC,"FRED , DOMINOES , VIA MOBILE - LVP , FP 28/05/20 10 , 40134129095810000N",-20.0,242.76,WARD JJ,602460-16554396,Uncategorised
26 May 2020,POS,"4071 24MAY20 , MICROSOFT*S , UBSCRIPTION , MSBILL.INFO GB",-10.99,262.76,WARD JJ,602460-16554396,Uncategorised
